image_xscale = 3.723636363636364 * 1.9;
image_yscale = 3.723636363636364 * 1.9;