image_xscale = 4.32067511;
image_yscale = 4.32067511;
